[General]
Dir=E:/

[Pre-Processing]
MedianState=0
MedianValue=2
MaskState=0
MaskValue=25

[Tab1]
Threshold=0.10000000000000001
MinArea=10
MaxArea=250

[Tab2]
Threshold=0.10000000000000001
MaxSigma=3
